0.2929882584360892
0.200385589267573
0.16136552185654368
0.1396825508291895
0.12394750125956984
0.11217654050385623
0.1033442176003241
0.096267290876047
0.09030386815944434
0.08553450161137724
0.08126650495980557
0.07733146491198566
0.07422517402617919
0.07160188231718966
0.0690070308146011
0.06688450219603781
0.06458177265705252
0.06238898999540958
0.06080341387059023
0.059210148727533704
0.057699386799552665
0.05621962092489534
0.05482369260147784
0.053441502588785945
0.05236547244882468
0.05132928341703313
0.05018822082277972
0.04919088853519834
0.04830453464052029
0.04746004742392446
0.04667378119112499
0.04603546112159831
0.04527655291870576
0.04463657029699243
0.0439199936836908
0.04330044192106217
0.042658511122104927
0.0420672578662133
0.04151871861754309
0.04082785700205222
0.040274217024603536
0.039777437825699695
0.03916927481556292
0.03858135921659618
0.03802347792277307
0.03753304564663532
0.03708105421717549
0.036677100178215315
0.036292023477873546
0.035895478022456545
0.035462585311514236
0.035073096996865234
0.034695810394196336
0.034317924215419064
0.03396798272438796
0.0336279651560196
0.03322532784745378
0.032917650881418174
0.03255004858708112
0.032252772769270056
0.0319353043985074
0.031678595843041155
0.031396453048172214
0.031149636356232045
0.030892166996277295
0.03064785337867044
0.03037538087963921
0.030138048382403134
0.029935811768608347
0.029684162203028837
0.029417282011282263
0.029196785023116137
0.028996660884354552
0.028756251177447113
0.02852397469655627
0.028360338633228222
0.028155417198189932
0.027980069630732008
0.0278328932882859
0.027624077957705374
0.02744090054978113
0.02724646261639751
0.027045802914087213
0.026853131592600003
0.026691540155723427
0.026500062298055405
0.02637460128558744
0.026223131742829746
0.026047602404974963
0.025899045363787516
0.025787931830650725
0.0256016298528707
0.02540206707579848
0.025237811642752534
0.025110501151715602
0.024950004406881145
0.024806520835523475
0.0246262194254062
0.02450800102635779
